pdbid	rmsBB_if:PatchMAN	LRMS:PatchMAN	rmsBB_if:AF2	LRMS:AF2	iRMS:PatchMAN	iRMS:AF2	alternative struct
1p7w	4.204	4.411	9.68	9.552	1.258	2.822	1bjr
1d4t	8.274	9.93	6.13	6.348	3.656	2.402	
1ky7	15	22.733	9.95	9.774	7.891	3.541	1ky6
1t3l	1.437	1.399	1.04	1.436	0.726	0.599	
1t5z	1.444	1.342	1.3	1.453	0.606	0.712	
1tj9	4.888	5.504	21.29	20.993	1.506	5.306	
1xqy	2.922	2.498	7.62	7.603	0.722	2.051	
2b1n	1.446	1.74	41.35	41.683	0.59	12.265	
2fib	2.092	2.154	7.01	6.155	0.607	1.625	
2orz	4.053	3.86	38.24	38.271	0.883	9.434	
2v8x	0.898	0.926	0.72	0.863	0.452	0.962	
2wv5	6.255	5.8	13.17	14.771	1.782	4.963	
2z9i	0.797	0.906	0.62	0.689	0.509	0.575	
3ayu	2.779	2.776	0.69	0.898	0.983	0.636	
3brh	8.769	8.834	13.52	13.509	2.795	4.122	
3c3o	4.694	4.192	0.96	0.953	1.685	0.517	
3dnj	0.802	0.958	16.76	16.637	0.326	3.863	
3n2d	9.593	9.733	10.34	10.286	3.019	3.201	
3n5u	2.86	3.17	2	2.109	1.097	0.783	
3nih	1.018	1.084	3.27	3.208	0.368	0.927	
3r42	13.898	14.367	24.54	24.683	5.167	8.517	
3r7g	10.216	11.185	1.24	0.94	4.618	1.967	
3ufm	4.649	4.51	0.54	0.897	1.255	0.424	
4bta	33.727	2.261	1.69	1.887	0.883	0.581	
4fvd	1.858	2.327	13.7	13.571	0.637	3.511	
4mvk	2.362	2.692	0.35	0.58	0.713	0.68	2qos
4tjx	16.72	16.588	10.41	10.149	4.122	2.911	
4z2o	1.735	1.855	11.46	12.872	0.761	5.339	
5gr9	6.318	5.92	12.73	12.065	1.884	3.828	
5jiu	7.358	7.515	28.51	30.966	2.405	9.252	
5n85	7.657	7.137	2.98	2.921	2.934	1.4	
5onp	21.936	22.212	2.5	2.374	5.364	0.645	
5sga	0.349	0.346	1.02	1.203	0.212	0.506	2qa9
5yc2	1.106	2.59	2.84	3.032	1.182	1.096	
6cct	4.777	4.817	9.89	9.68	1.11	2.262	
6fc6	5.319	5.81	0.86	0.929	1.19	0.465	
6hgt	5.32	5.379	8.34	8.517	1.287	2.055
6n3e	1.334	1.36	0.66	0.774	0.592	0.495	
6j0x	15.222	15.384	4.85	4.765	5.4	1.796