pdb_id	rmsBB_if:PatchMAN	rmsBB_if:AF2	rmsBB_if:PFPD	rmsBB_if:MDockPep2	LRMS:PatchMAN	iRMS:PatchMAN	LRMS:AF2	iRMS:AF2	LRMS:MDockPep2	iRMS:MDockPep2	LRMS:Interpep2	iRMS:Interpep2	LRMS:PFPD	LRMS:pepATTRACT	LRMS:HADDOCK	LRMS:CABS-dock
1AWR	0.925	6.470	1.035	1.026	1.253	0.423	6.08	1.83	1.398	0.412	1.46	0.573	1.3	3.3	2.6	2.6
1CZY	2.845	0.993	2.355	3.110	3.103	1.049	1.084	0.457	3.317	1.066	3.756	1.225	2.4	2.8	2.4	3.2
1EG4	19.596	1.857	29.589	11.311	20.802	9.288	1.967	0.957	14.052	5.808	2.398	0.832	29.3	8.7	5.6	15
1ELW	1.989	0.443	2.227	6.015	2.126	0.612	0.432	0.431	6.013	1.87	8.518	2.47	2.6	2.9	-	-
1ER8	9.679	3.464	1.289	3.425	9.681	2.489	3.651	1.086	3.632	0.906	1.876	0.736	1.2	2.8	4.6	9
1JD5	3.726	0.742	8.208	19.982	4.363	1.66	3.262	5.075	19.954	6.787	3.079	1.054	8.2	7.4	11.7	10.4
1JWG	1.385	1.114	2.228	3.763	1.472	0.586	1.415	0.563	3.653	1.191	2.222	0.796	2.2	1.9	3.2	4.7
1MFG	9.367	4.229	8.329	6.610	9.784	3.414	4.112	1.563	7.156	2.454	1.686	0.661	8.7	4.3	3.8	9.1
1NTV	1.185	0.551	3.992	3.509	1.255	0.515	1.201	1.481	3.343	1.154	2.898	0.925	3.8	9.9	-	-
1NVR	0.698	29.188	6.996	7.043	0.847	0.449	28.539	8.861	7.25	2.424	15.903	3.845	7.1	0.9	5.2	5.2
1NX1	1.525	1.209	1.077	30.147	1.524	0.67	1.24	0.638	30.528	11.13	2.685	0.857	1.3	27.6	3.6	2.5
1OU8	4.215	10.788	6.333	3.899	4.245	1.603	10.789	4.11	3.943	1.514	3.652	1.191	6.4	3.1	4.5	5.2
1RXZ	1.131	1.069	3.605	5.557	1.288	0.629	1.082	0.623	5.465	2.094	6.127	1.896	3.2	4.4	4.5	7.6
1SSH	1.261	0.907	1.709	3.994	1.728	0.807	1.381	0.6	5.396	2.312	1.469	0.576	1.9	5.4	-	6.9
1U00	1.998	3.809	1.892	1.519	3.525	1.316	4.274	1.322	2.973	1.02	12.694	4.087	2.1	9.1	-	-
1X2R	0.855	0.990	1.202	2.276	1.309	0.478	1.537	0.6	2.384	0.74	6.573	1.986	1.7	4.9	5.1	5.9
2A3I	1.093	0.611	1.706	3.013	2.58	1.127	1.201	0.662	4.411	1.834	2.5	0.867	4.8	3.5	4.5	3
2B9H	3.418	2.402	15.104	24.530	3.682	1.466	2.288	1.072	25.028	8.88	4.232	1.105	15.8	3.9	4	3.9
2C3I	3.733	1.082	8.319	8.882	3.912	1.237	1.216	0.492	8.942	2.796	6.69	2.784	8.7	3.2	4.3	11.1
2CCH	4.876	2.116	4.320	3.910	4.922	2.046	1.971	0.828	5.326	2.207	8.186	2.61	3.9	4.1	4.7	6.6
2DS8	1.270	0.940	1.247	14.086	1.225	0.58	0.983	0.582	14.481	4.838	9.054	4.021	1.2	8.7	3.2	11.2
2FMF	4.580	4.662	5.659	4.118	4.935	2.294	5.053	2.303	4.424	2.053	5.11	3.695	1.3	3.5	-	6.1
2H9M	1.332	6.651	3.610	3.951	1.547	0.453	6.553	1.65	4.201	1.05	2.766	0.883	4	3.1	2.9	4.3
2HPL	1.698	2.446	1.088	3.927	1.888	0.641	2.277	0.837	3.62	1.122	1.853	0.727	1.4	1.3	4.8	4.6
2O02	9.226	5.838	3.620	3.847	9.444	3.245	5.986	2.155	4.115	1.474	12.696	4.087	3.4	5.6	3.2	5
3D1E	0.977	5.963	6.836	8.792	1.112	0.471	6.015	1.841	8.718	2.435	2.06	0.773	6.7	2.5	2.8	6.9